  0.00000003
  0.00000003
  0.00000004
  0.00000005
  0.00000006
  0.00000008
  0.00000010
  0.00000013
  0.00000016
  0.00000020
  0.00000025
  0.00000032
  0.00000040
  0.00000051
  0.00000065
  0.00000082
  0.00000103
  0.00000131
  0.00000165
  0.00000210
  0.00000266
  0.00000337
  0.00000427
  0.00000542
  0.00000688
  0.00000873
  0.00001109
  0.00001410
  0.00001792
  0.00002279
  0.00002901
  0.00003695
  0.00004709
  0.00006007
  0.00007670
  0.00009803
  0.00012539
  0.00016050
  0.00020553
  0.00026320
  0.00033691
  0.00043085
  0.00055011
  0.00070082
  0.00089024
  0.00112687
  0.00142048
  0.00178215
  0.00222381
  0.00274281
  0.00000007
  0.00000008
  0.00000011
  0.00000013
  0.00000017
  0.00000021
  0.00000026
  0.00000033
  0.00000042
  0.00000053
  0.00000066
  0.00000084
  0.00000106
  0.00000134
  0.00000169
  0.00000214
  0.00000271
  0.00000343
  0.00000435
  0.00000551
  0.00000698
  0.00000885
  0.00001123
  0.00001425
  0.00001808
  0.00002296
  0.00002917
  0.00003707
  0.00004713
  0.00005996
  0.00007632
  0.00009721
  0.00012392
  0.00015810
  0.00020191
  0.00025809
  0.00033018
  0.00042267
  0.00054127
  0.00069314
  0.00088715
  0.00113425
  0.00144770
  0.00184341
  0.00234018
  0.00295989
  0.00372766
  0.00467175
  0.00582248
  0.00717211
  0.00000000
  0.00000000
  0.00000000
  0.00000000
  0.00000000
  0.00000000
  0.00000000
  0.00000000
  0.00000000
  0.00000000
  0.00000000
  0.00000000
  0.00000000
  0.00000000
  0.00000000
  0.00000000
  0.00000000
  0.00000000
  0.00000000
  0.00000000
  0.00000000
  0.00000000
  0.00000000
  0.00000000
  0.00000000
  0.00000000
  0.00000000
  0.00000000
  0.00000000
  0.00000000
  0.00000000
  0.00000000
  0.00000000
  0.00000000
  0.00000000
  0.00000000
  0.00000000
  0.00000000
  0.00000000
  0.00000000
  0.00000000
  0.00000000
  0.00000000
  0.00000000
  0.00000000
  0.00000000
  0.00000000
  0.00000000
  0.00000000
  0.00000000
  0.00000000
  0.00000000
  0.00000000
  0.00000000
  0.00000000
  0.00000000
  0.00000000
  0.00000000
  0.00000000
  0.00000000
  0.00000000
  0.00000000
  0.00000000
  0.00000000
  0.00000000
  0.00000000
  0.00000000
  0.00000000
  0.00000000
  0.00000000
  0.00000000
  0.00000000
  0.00000000
  0.00000000
  0.00000000
  0.00000000
  0.00000000
  0.00000000
  0.00000000
  0.00000000
  0.00000000
  0.00000000
  0.00000000
  0.00000000
  0.00000000
  0.00000000
  0.00000000
  0.00000000
  0.00000000
  0.00000000
  0.00000000
  0.00000000
  0.00000000
  0.00000000
  0.00000000
  0.00000000
  0.00000000
  0.00000000
  0.00000000
  0.00000000
  0.00300210
  0.00418502
  0.00590757
  0.00814852
  0.01096584
  0.01441573
  0.01853930
  0.02335921
  0.02887811
  0.03507846
  0.04192339
  0.04935861
  0.05731486
  0.06571082
  0.07445610
  0.08345429
  0.09260587
  0.10181084
  0.11097126
  0.11999340
  0.12878975
  0.13728068
  0.14539594
  0.15307576
  0.16027176
  0.16694743
  0.17307836
  0.17865200
  0.18366718
  0.18813322
  0.19206872
  0.19550019
  0.19846047
  0.20098704
  0.20312041
  0.20490252
  0.20637531
  0.20757955
  0.20855385
  0.20933393
  0.20995211
  0.21043711
  0.21081395
  0.21110404
  0.21132539
  0.21149290
  0.21161866
  0.21171237
  0.21178161
  0.21183135
  0.00760315
  0.01087786
  0.01534069
  0.02108511
  0.02826493
  0.03700374
  0.04738072
  0.05942429
  0.07310961
  0.08835977
  0.10505015
  0.12301528
  0.14205715
  0.16195423
  0.18247047
  0.20336371
  0.22439327
  0.24532643
  0.26594386
  0.28604399
  0.30544640
  0.32399432
  0.34155639
  0.35802763
  0.37332978
  0.38741100
  0.40024496
  0.41182933
  0.42218385
  0.43134775
  0.43937698
  0.44634100
  0.45231955
  0.45739934
  0.46167083
  0.46522535
  0.46815250
  0.47053801
  0.47246204
  0.47399802
  0.47521185
  0.47616166
  0.47689777
  0.47746299
  0.47789320
  0.47821789
  0.47846097
  0.47864146
  0.47877420
  0.47886897
  0.00000000
  0.00000000
  0.00000000
  0.00000000
  0.00000000
  0.00000000
  0.00000000
  0.00000000
  0.00000000
  0.00000000
  0.00000000
  0.00000000
  0.00000000
  0.00000000
  0.00000000
  0.00000000
  0.00000000
  0.00000000
  0.00000000
  0.00000000
  0.00000000
  0.00000001
  0.00000001
  0.00000002
  0.00000003
  0.00000005
  0.00000007
  0.00000012
  0.00000018
  0.00000028
  0.00000042
  0.00000062
  0.00000091
  0.00000130
  0.00000184
  0.00000257
  0.00000353
  0.00000478
  0.00000640
  0.00000846
  0.00001105
  0.00001428
  0.00001825
  0.00002309
  0.00002893
  0.00003592
  0.00004424
  0.00005404
  0.00006552
  0.00007828
  0.00000000
  0.00000000
  0.00000000
  0.00000000
  0.00000000
  0.00000000
  0.00000000
  0.00000000
  0.00000000
  0.00000000
  0.00000000
  0.00000000
  0.00000000
  0.00000000
  0.00000000
  0.00000000
  0.00000000
  0.00000000
  0.00000000
  0.00000000
  0.00000000
  0.00000001
  0.00000001
  0.00000002
  0.00000003
  0.00000005
  0.00000007
  0.00000012
  0.00000018
  0.00000028
  0.00000041
  0.00000061
  0.00000089
  0.00000127
  0.00000178
  0.00000248
  0.00000339
  0.00000459
  0.00000613
  0.00000808
  0.00001053
  0.00001358
  0.00001732
  0.00002187
  0.00002736
  0.00003391
  0.00004170
  0.00005087
  0.00006159
  0.00007349
  0.21184736
  0.21187500
  0.21189876
  0.21191542
  0.21192621
  0.21193263
  0.21193602
  0.21193765
  0.21193881
  0.21194085
  0.21194511
  0.21195288
  0.21196523
  0.21198283
  0.21200577
  0.21203336
  0.21206396
  0.21209499
  0.21212298
  0.21214390
  0.21215367
  0.21214886
  0.21212760
  0.21209041
  0.21204108
  0.21198709
  0.21193968
  0.21191323
  0.21192400
  0.21198826
  0.21211988
  0.21232789
  0.21261406
  0.21297098
  0.21338101
  0.21381614
  0.21423883
  0.21460398
  0.21486144
  0.21495922
  0.21484666
  0.21447750
  0.21381249
  0.21282125
  0.21148333
  0.20978843
  0.20773586
  0.20533353
  0.20260082
  0.19968071
  0.47888932
  0.47894997
  0.47899491
  0.47902468
  0.47904271
  0.47905198
  0.47905511
  0.47905465
  0.47905321
  0.47905346
  0.47905810
  0.47906964
  0.47909011
  0.47912065
  0.47916112
  0.47920969
  0.47926259
  0.47931399
  0.47935634
  0.47938099
  0.47937929
  0.47934418
  0.47927194
  0.47916407
  0.47902888
  0.47888235
  0.47874805
  0.47865568
  0.47863826
  0.47872800
  0.47895136
  0.47932380
  0.47984493
  0.48049481
  0.48123201
  0.48199368
  0.48269784
  0.48324754
  0.48353657
  0.48345589
  0.48290035
  0.48177478
  0.47999912
  0.47751201
  0.47427275
  0.47026160
  0.46547858
  0.45994139
  0.45369228
  0.44705151
  0.00008428
  0.00009753
  0.00011570
  0.00013697
  0.00016144
  0.00018951
  0.00022167
  0.00025845
  0.00030050
  0.00034852
  0.00040335
  0.00046591
  0.00053730
  0.00061874
  0.00071165
  0.00081763
  0.00093853
  0.00107644
  0.00123379
  0.00141330
  0.00161813
  0.00185185
  0.00211857
  0.00242295
  0.00277033
  0.00316679
  0.00361931
  0.00413584
  0.00472552
  0.00539885
  0.00616794
  0.00704679
  0.00805155
  0.00920092
  0.01051637
  0.01202243
  0.01374684
  0.01572054
  0.01797743
  0.02055387
  0.02348792
  0.02681815
  0.03058227
  0.03481546
  0.03954851
  0.04480606
  0.05060479
  0.05695160
  0.06383222
  0.07094520
  0.00007709
  0.00009119
  0.00010836
  0.00012818
  0.00015094
  0.00017705
  0.00020695
  0.00024115
  0.00028023
  0.00032486
  0.00037581
  0.00043394
  0.00050026
  0.00057592
  0.00066223
  0.00076067
  0.00087296
  0.00100105
  0.00114718
  0.00131389
  0.00150410
  0.00172115
  0.00196883
  0.00225148
  0.00257404
  0.00294214
  0.00336223
  0.00384164
  0.00438877
  0.00501327
  0.00572624
  0.00654051
  0.00747086
  0.00853440
  0.00975078
  0.01114242
  0.01273469
  0.01455585
  0.01663681
  0.01901069
  0.02171200
  0.02477565
  0.02823553
  0.03212305
  0.03646540
  0.04128392
  0.04659253
  0.05239606
  0.05868006
  0.06516884
  0.25601040
  0.25353521
  0.25051318
  0.24725966
  0.24382783
  0.24023550
  0.23649645
  0.23262252
  0.22862347
  0.22450705
  0.22027912
  0.21594395
  0.21150449
  0.20696283
  0.20232052
  0.19757910
  0.19274041
  0.18780699
  0.18278230
  0.17767077
  0.17247767
  0.16720864
  0.16186900
  0.15646267
  0.15099105
  0.14545181
  0.13983788
  0.13413703
  0.12833218
  0.12240269
  0.11632677
  0.11008488
  0.10366379
  0.09706086
  0.09028790
  0.08337393
  0.07636620
  0.06932927
  0.06234187
  0.05549195
  0.04887056
  0.04256525
  0.03665388
  0.03119957
  0.02624738
  0.02182280
  0.01793202
  0.01456384
  0.01169392
  0.00933843
  0.55330688
  0.54737465
  0.54073462
  0.53368147
  0.52626521
  0.51851798
  0.51046899
  0.50214371
  0.49356341
  0.48474508
  0.47570171
  0.46644272
  0.45697453
  0.44730137
  0.43742604
  0.42735084
  0.41707839
  0.40661237
  0.39595809
  0.38512259
  0.37411443
  0.36294273
  0.35161565
  0.34013832
  0.32851025
  0.31672286
  0.30475741
  0.29258403
  0.28016247
  0.26744495
  0.25438136
  0.24092669
  0.22704988
  0.21274328
  0.19803117
  0.18297605
  0.16768127
  0.15228921
  0.13697482
  0.12193489
  0.10737445
  0.09349194
  0.08046506
  0.06843904
  0.05751857
  0.04776400
  0.03919179
  0.03177849
  0.02547037
  0.02030107
  0.14039259
  0.14581636
  0.15281661
  0.16031970
  0.16813291
  0.17620737
  0.18450065
  0.19296851
  0.20156678
  0.21025281
  0.21898655
  0.22773155
  0.23645557
  0.24513108
  0.25373537
  0.26225053
  0.27066318
  0.27896403
  0.28714739
  0.29521054
  0.30315320
  0.31097694
  0.31868473
  0.32628061
  0.33376934
  0.34115635
  0.34844751
  0.35564914
  0.36276781
  0.36981016
  0.37678258
  0.38369068
  0.39053873
  0.39732893
  0.40406074
  0.41073021
  0.41732955
  0.42384690
  0.43026640
  0.43656852
  0.44273075
  0.44872832
  0.45453512
  0.46012464
  0.46547081
  0.47054880
  0.47533575
  0.47981124
  0.48395505
  0.48765329
  0.12186786
  0.12743860
  0.13371202
  0.14029638
  0.14713790
  0.15420295
  0.16145482
  0.16885603
  0.17636977
  0.18396099
  0.19159733
  0.19924983
  0.20689338
  0.21450703
  0.22207396
  0.22958137
  0.23702012
  0.24438429
  0.25167067
  0.25887824
  0.26600769
  0.27306100
  0.28004116
  0.28695207
  0.29379846
  0.30058602
  0.30732150
  0.31401275
  0.32066866
  0.32729882
  0.33391290
  0.34051976
  0.34712619
  0.35373559
  0.36034660
  0.36695191
  0.37353749
  0.38008236
  0.38655896
  0.39293422
  0.39917110
  0.40523050
  0.41107333
  0.41666243
  0.42196419
  0.42694982
  0.43159615
  0.43588591
  0.43980522
  0.44325774
  0.00856212
  0.00696691
  0.00542544
  0.00415967
  0.00315514
  0.00236942
  0.00176234
  0.00129883
  0.00094891
  0.00068760
  0.00049444
  0.00035305
  0.00025047
  0.00017667
  0.00012399
  0.00008663
  0.00006031
  0.00004186
  0.00002898
  0.00002003
  0.00001383
  0.00000954
  0.00000658
  0.00000454
  0.00000313
  0.00000216
  0.00000150
  0.00000103
  0.00000071
  0.00000049
  0.00000034
  0.00000024
  0.00000016
  0.00000011
  0.00000008
  0.00000006
  0.00000004
  0.00000003
  0.00000002
  0.00000001
  0.00000001
  0.00000001
  0.00000001
  0.00000000
  0.00000000
  0.00000000
  0.00000000
  0.00000000
  0.00000000
  0.00000000
  0.01916502
  0.01518034
  0.01174413
  0.00898074
  0.00679703
  0.00509327
  0.00378023
  0.00278021
  0.00202716
  0.00146615
  0.00105244
  0.00075025
  0.00053147
  0.00037439
  0.00026243
  0.00018318
  0.00012741
  0.00008837
  0.00006116
  0.00004226
  0.00002917
  0.00002013
  0.00001388
  0.00000958
  0.00000661
  0.00000456
  0.00000315
  0.00000218
  0.00000151
  0.00000104
  0.00000072
  0.00000050
  0.00000035
  0.00000024
  0.00000017
  0.00000012
  0.00000008
  0.00000006
  0.00000004
  0.00000003
  0.00000002
  0.00000002
  0.00000001
  0.00000001
  0.00000001
  0.00000001
  0.00000000
  0.00000000
  0.00000000
  0.00000000
  0.48945143
  0.49204469
  0.49497352
  0.49763959
  0.49995985
  0.50194109
  0.50360050
  0.50495961
  0.50604385
  0.50688178
  0.50750406
  0.50794235
  0.50822821
  0.50839201
  0.50846205
  0.50846379
  0.50841931
  0.50834707
  0.50826177
  0.50817454
  0.50809319
  0.50802267
  0.50796552
  0.50792241
  0.50789262
  0.50787453
  0.50786602
  0.50786474
  0.50786844
  0.50787502
  0.50788274
  0.50789015
  0.50789612
  0.50789981
  0.50790052
  0.50789765
  0.50789059
  0.50787854
  0.50786044
  0.50783478
  0.50779947
  0.50775160
  0.50768727
  0.50760128
  0.50748690
  0.50733544
  0.50713593
  0.50687471
  0.50653583
  0.50612129
  0.44432348
  0.44718552
  0.44991504
  0.45230109
  0.45434570
  0.45606925
  0.45749483
  0.45864819
  0.45955720
  0.46025112
  0.46075982
  0.46111291
  0.46133899
  0.46146484
  0.46151489
  0.46151067
  0.46147056
  0.46140962
  0.46133968
  0.46126952
  0.46120514
  0.46115023
  0.46110651
  0.46107425
  0.46105266
  0.46104028
  0.46103527
  0.46103571
  0.46103976
  0.46104576
  0.46105233
  0.46105835
  0.46106296
  0.46106552
  0.46106549
  0.46106239
  0.46105571
  0.46104475
  0.46102859
  0.46100588
  0.46097477
  0.46093271
  0.46087626
  0.46080088
  0.46070067
  0.46056810
  0.46039364
  0.46016544
  0.45986971
  0.45950833
  0.00000000
  0.00000000
  0.00000000
  0.00000000
  0.00000000
  0.00000000
  0.00000000
  0.00000000
  0.00000000
  0.00000000
  0.00000000
  0.00000000
  0.00000000
  0.00000000
  0.00000000
  0.00000000
  0.00000000
  0.00000000
  0.00000000
  0.00000000
  0.00000000
  0.00000000
  0.00000000
  0.00000000
  0.00000000
  0.00000000
  0.00000000
  0.00000000
  0.00000000
  0.00000000
  0.00000000
  0.00000000
  0.00000000
  0.00000000
  0.00000000
  0.00000000
  0.00000000
  0.00000000
  0.00000000
  0.00000000
  0.00000000
  0.00000000
  0.00000000
  0.00000000
  0.00000000
  0.00000000
  0.00000000
  0.00000000
  0.00000000
  0.00000000
  0.00000000
  0.00000000
  0.00000000
  0.00000000
  0.00000000
  0.00000000
  0.00000000
  0.00000000
  0.00000000
  0.00000000
  0.00000000
  0.00000000
  0.00000000
  0.00000000
  0.00000000
  0.00000000
  0.00000000
  0.00000000
  0.00000000
  0.00000000
  0.00000000
  0.00000000
  0.00000000
  0.00000000
  0.00000000
  0.00000000
  0.00000000
  0.00000000
  0.00000000
  0.00000000
  0.00000000
  0.00000000
  0.00000000
  0.00000000
  0.00000000
  0.00000000
  0.00000000
  0.00000000
  0.00000000
  0.00000000
  0.00000000
  0.00000000
  0.00000000
  0.00000000
  0.00000000
  0.00000000
  0.00000000
  0.00000000
  0.00000000
  0.00000000
  0.50590222
  0.50507124
  0.50376550
  0.50195077
  0.49949508
  0.49623729
  0.49199810
  0.48658555
  0.47980257
  0.47145679
  0.46137258
  0.44940437
  0.43545055
  0.41946668
  0.40147662
  0.38158016
  0.35995585
  0.33685819
  0.31260873
  0.28758167
  0.26218482
  0.23683790
  0.21195017
  0.18789950
  0.16501506
  0.14356460
  0.12374738
  0.10569239
  0.08946149
  0.07505619
  0.06242704
  0.05148429
  0.04210874
  0.03416202
  0.02749571
  0.02195887
  0.01740402
  0.01369156
  0.01069271
  0.00829128
  0.00638444
  0.00488271
  0.00370946
  0.00279994
  0.00210020
  0.00156581
  0.00116059
  0.00085545
  0.00062734
  0.00046207
  0.45938592
  0.45860234
  0.45746209
  0.45589001
  0.45376671
  0.45095400
  0.44729819
  0.44263405
  0.43679070
  0.42959937
  0.42090285
  0.41056624
  0.39848840
  0.38461319
  0.36893962
  0.35152969
  0.33251288
  0.31208631
  0.29051006
  0.26809731
  0.24520013
  0.22219164
  0.19944642
  0.17732087
  0.15613551
  0.13616086
  0.11760787
  0.10062343
  0.08529075
  0.07163391
  0.05962543
  0.04919578
  0.04024364
  0.03264596
  0.02626714
  0.02096685
  0.01660634
  0.01305317
  0.01018445
  0.00788891
  0.00606780
  0.00463510
  0.00351708
  0.00265146
  0.00198636
  0.00147910
  0.00109499
  0.00080614
  0.00059051
  0.00043447
  0.00000000
  0.00000000
  0.00000000
  0.00000000
  0.00000000
  0.00000000
  0.00000000
  0.00000000
  0.00000000
  0.00000000
  0.00000000
  0.00000000
  0.00000000
  0.00000000
  0.00000000
  0.00000000
  0.00000000
  0.00000000
  0.00000000
  0.00000000
  0.00000000
  0.00000000
  0.00000000
  0.00000000
  0.00000000
  0.00000000
  0.00000000
  0.00000000
  0.00000000
  0.00000000
  0.00000000
  0.00000000
  0.00000000
  0.00000000
  0.00000000
  0.00000000
  0.00000000
  0.00000000
  0.00000000
  0.00000000
  0.00000000
  0.00000000
  0.00000000
  0.00000000
  0.00000000
  0.00000000
  0.00000000
  0.00000000
  0.00000000
  0.00000000
  0.00000000
  0.00000000
  0.00000000
  0.00000000
  0.00000000
  0.00000000
  0.00000000
  0.00000000
  0.00000000
  0.00000000
  0.00000000
  0.00000000
  0.00000000
  0.00000000
  0.00000000
  0.00000000
  0.00000000
  0.00000000
  0.00000000
  0.00000000
  0.00000000
  0.00000000
  0.00000000
  0.00000000
  0.00000000
  0.00000000
  0.00000000
  0.00000000
  0.00000000
  0.00000000
  0.00000000
  0.00000000
  0.00000000
  0.00000000
  0.00000000
  0.00000000
  0.00000000
  0.00000000
  0.00000000
  0.00000000
  0.00000000
  0.00000000
  0.00000000
  0.00000000
  0.00000000
  0.00000000
  0.00000000
  0.00000000
  0.00000000
  0.00000000
  0.00040699
  0.00031228
  0.00022674
  0.00016325
  0.00011710
  0.00008376
  0.00005975
  0.00004254
  0.00003025
  0.00002148
  0.00001524
  0.00001081
  0.00000767
  0.00000545
  0.00000387
  0.00000275
  0.00000196
  0.00000140
  0.00000100
  0.00000071
  0.00000051
  0.00000037
  0.00000026
  0.00000019
  0.00000014
  0.00000010
  0.00000007
  0.00000005
  0.00000004
  0.00000003
  0.00000002
  0.00000001
  0.00000001
  0.00000001
  0.00000001
  0.00000000
  0.00000000
  0.00000000
  0.00000000
  0.00000000
  0.00000000
  0.00000000
  0.00000000
  0.00000000
  0.00000000
  0.00000000
  0.00000000
  0.00000000
  0.00000000
  0.00000000
  0.00040078
  0.00029456
  0.00021279
  0.00015304
  0.00010970
  0.00007841
  0.00005591
  0.00003979
  0.00002828
  0.00002007
  0.00001424
  0.00001011
  0.00000717
  0.00000509
  0.00000362
  0.00000257
  0.00000183
  0.00000131
  0.00000093
  0.00000067
  0.00000048
  0.00000034
  0.00000025
  0.00000018
  0.00000013
  0.00000009
  0.00000007
  0.00000005
  0.00000003
  0.00000002
  0.00000002
  0.00000001
  0.00000001
  0.00000001
  0.00000000
  0.00000000
  0.00000000
  0.00000000
  0.00000000
  0.00000000
  0.00000000
  0.00000000
  0.00000000
  0.00000000
  0.00000000
  0.00000000
  0.00000000
  0.00000000
  0.00000000
  0.00000000
  0.00000000
  0.00000000
  0.00000000
  0.00000000
  0.00000000
  0.00000000
  0.00000000
  0.00000000
  0.00000000
  0.00000000
  0.00000000
  0.00000000
  0.00000000
  0.00000000
  0.00000000
  0.00000000
  0.00000000
  0.00000000
  0.00000000
  0.00000000
  0.00000000
  0.00000000
  0.00000000
  0.00000000
  0.00000000
  0.00000000
  0.00000000
  0.00000000
  0.00000000
  0.00000000
  0.00000000
  0.00000000
  0.00000000
  0.00000000
  0.00000000
  0.00000000
  0.00000000
  0.00000000
  0.00000000
  0.00000000
  0.00000000
  0.00000001
  0.00000001
  0.00000001
  0.00000001
  0.00000001
  0.00000001
  0.00000002
  0.00000002
  0.00000002
  0.00000000
  0.00000000
  0.00000000
  0.00000000
  0.00000000
  0.00000000
  0.00000000
  0.00000000
  0.00000000
  0.00000000
  0.00000000
  0.00000000
  0.00000000
  0.00000000
  0.00000000
  0.00000000
  0.00000000
  0.00000000
  0.00000000
  0.00000000
  0.00000000
  0.00000000
  0.00000000
  0.00000000
  0.00000000
  0.00000000
  0.00000000
  0.00000000
  0.00000000
  0.00000000
  0.00000000
  0.00000000
  0.00000001
  0.00000001
  0.00000001
  0.00000001
  0.00000001
  0.00000001
  0.00000001
  0.00000001
  0.00000001
  0.00000001
  0.00000002
  0.00000002
  0.00000002
  0.00000003
  0.00000003
  0.00000004
  0.00000005
  0.00000006
  0.00000000
  0.00000000
  0.00000000
  0.00000000
  0.00000000
  0.00000000
  0.00000000
  0.00000000
  0.00000000
  0.00000000
  0.00000000
  0.00000000
  0.00000000
  0.00000000
  0.00000000
  0.00000000
  0.00000000
  0.00000000
  0.00000000
  0.00000000
  0.00000000
  0.00000000
  0.00000000
  0.00000000
  0.00000000
  0.00000000
  0.00000000
  0.00000000
  0.00000000
  0.00000000
  0.00000000
  0.00000000
  0.00000000
  0.00000000
  0.00000000
  0.00000000
  0.00000000
  0.00000000
  0.00000000
  0.00000000
  0.00000000
  0.00000000
  0.00000000
  0.00000000
  0.00000000
  0.00000000
  0.00000000
  0.00000000
  0.00000000
  0.00000000
  0.00000000
  0.00000000
  0.00000000
  0.00000000
  0.00000000
  0.00000000
  0.00000000
  0.00000000
  0.00000000
  0.00000000
  0.00000000
  0.00000000
  0.00000000
  0.00000000
  0.00000000
  0.00000000
  0.00000000
  0.00000000
  0.00000000
  0.00000000
  0.00000000
  0.00000000
  0.00000000
  0.00000000
  0.00000000
  0.00000000
  0.00000000
  0.00000000
  0.00000000
  0.00000000
  0.00000000
  0.00000000
  0.00000000
  0.00000000
  0.00000000
  0.00000000
  0.00000000
  0.00000000
  0.00000000
  0.00000000
  0.00000000
  0.00000000
  0.00000000
  0.00000000
  0.00000000
  0.00000000
  0.00000000
  0.00000000
  0.00000000
  0.00000000
  0.00000000
  0.00000000
